Age(X) vs Chinese(Y)

+-------+----------+--------+------+---------+----------+--------+
|       |    ID    |   X    |  Y   |   XY    |   X**2   |  Y**2  |
+-------+----------+--------+------+---------+----------+--------+
|       | 11920178 |   19.2 |   87 |  1670.4 |   368.64 |   7569 |
+-------+----------+--------+------+---------+----------+--------+
|       | 11920111 |     20 |   75 |    1500 |      400 |   5625 |
+-------+----------+--------+------+---------+----------+--------+
|       | 11920222 |     50 |   20 |    1000 |     2500 |    400 |
+-------+----------+--------+------+---------+----------+--------+
|       | 11920178 |     19 |   87 |    1653 |      361 |   7569 |
+-------+----------+--------+------+---------+----------+--------+
|       | 11920111 |     20 |   75 |    1500 |      400 |   5625 |
+-------+----------+--------+------+---------+----------+--------+
|       | 11920222 |     50 |   20 |    1000 |     2500 |    400 |
+-------+----------+--------+------+---------+----------+--------+
|       | 11920222 |     50 |   20 |    1000 |     2500 |    400 |
+-------+----------+--------+------+---------+----------+--------+
|       | 11920178 |     19 |   87 |    1653 |      361 |   7569 |
+-------+----------+--------+------+---------+----------+--------+
|       | 11920111 |     20 |   75 |    1500 |      400 |   5625 |
+-------+----------+--------+------+---------+----------+--------+
|       | 11920222 |     50 |   20 |    1000 |     2500 |    400 |
+-------+----------+--------+------+---------+----------+--------+
|       | 11920222 |     50 |   20 |    1000 |     2500 |    400 |
+-------+----------+--------+------+---------+----------+--------+
|       | 11920178 |     19 |   87 |    1653 |      361 |   7569 |
+-------+----------+--------+------+---------+----------+--------+
|       | 11920111 |     20 |   75 |    1500 |      400 |   5625 |
+-------+----------+--------+------+---------+----------+--------+
|       | 11920222 |     50 |   20 |    1000 |     2500 |    400 |
+-------+----------+--------+------+---------+----------+--------+
|       | 11920222 |     50 |   20 |    1000 |     2500 |    400 |
+-------+----------+--------+------+---------+----------+--------+
|       | 11920178 |     19 |   87 |    1653 |      361 |   7569 |
+-------+----------+--------+------+---------+----------+--------+
|       | 11920111 |     20 |   75 |    1500 |      400 |   5625 |
+-------+----------+--------+------+---------+----------+--------+
|       | 11920222 |     50 |   20 |    1000 |     2500 |    400 |
+-------+----------+--------+------+---------+----------+--------+
|       | 11920222 |     50 |   20 |    1000 |     2500 |    400 |
+-------+----------+--------+------+---------+----------+--------+
|       | 11920178 |     19 |   87 |    1653 |      361 |   7569 |
+-------+----------+--------+------+---------+----------+--------+
|       | 11920111 |     20 |   75 |    1500 |      400 |   5625 |
+-------+----------+--------+------+---------+----------+--------+
|       | 11920222 |     50 |   20 |    1000 |     2500 |    400 |
+-------+----------+--------+------+---------+----------+--------+
|       | 11920222 |     50 |   20 |    1000 |     2500 |    400 |
+-------+----------+--------+------+---------+----------+--------+
|       | 11920178 |     50 |   87 |    4350 |     2500 |   7569 |
+-------+----------+--------+------+---------+----------+--------+
|       | 11920111 |     20 |   75 |    1500 |      400 |   5625 |
+-------+----------+--------+------+---------+----------+--------+
|       | 11920222 |     50 |   20 |    1000 |     2500 |    400 |
+-------+----------+--------+------+---------+----------+--------+
|       | 11920222 |     50 |   20 |    1000 |     2500 |    400 |
+-------+----------+--------+------+---------+----------+--------+
|       | 11920178 |     50 |   87 |    4350 |     2500 |   7569 |
+-------+----------+--------+------+---------+----------+--------+
|       | 11920111 |     50 |   75 |    3750 |     2500 |   5625 |
+-------+----------+--------+------+---------+----------+--------+
|       | 11920222 |     50 |   20 |    1000 |     2500 |    400 |
+-------+----------+--------+------+---------+----------+--------+
|       | 11920222 |     50 |   20 |    1000 |     2500 |    400 |
+-------+----------+--------+------+---------+----------+--------+
|       | 11920178 |     50 |   87 |    4350 |     2500 |   7569 |
+-------+----------+--------+------+---------+----------+--------+
|       | 11920111 |     50 |   75 |    3750 |     2500 |   5625 |
+-------+----------+--------+------+---------+----------+--------+
|       | 11920222 |     50 |   20 |    1000 |     2500 |    400 |
+-------+----------+--------+------+---------+----------+--------+
| Total |          | 1304.2 | 1778 | 56985.4 | 57473.64 | 125146 |
+-------+----------+--------+------+---------+----------+--------+
1. Pearson’s Correlation

   r = (34*56985.4 - 1778*1304.2)/ sqrt((34*125146 - 1778*1778) * (34*57473.6 - 1304.2*1304.2))
     = -0.71

2. Linear Regression

   m = -0.71 * (31.2211/15.0213)
     = -1.5

   b = 52.2941 - (-1.5*38.3588)
     = 110.08

   y = -1.5x + 110.08

