Age(X) vs Math(Y)

+-------+----------+--------+------+----------+----------+--------+
|       |    ID    |   X    |  Y   |    XY    |   X**2   |  Y**2  |
+-------+----------+--------+------+----------+----------+--------+
|       | 11920178 |   19.2 |   93 |   1785.6 |   368.64 |   8649 |
+-------+----------+--------+------+----------+----------+--------+
|       | 11920111 |     20 |   76 |     1520 |      400 |   5776 |
+-------+----------+--------+------+----------+----------+--------+
|       | 11920222 |     50 |  100 |     5000 |     2500 |  10000 |
+-------+----------+--------+------+----------+----------+--------+
|       | 11920178 |     19 |   93 |     1767 |      361 |   8649 |
+-------+----------+--------+------+----------+----------+--------+
|       | 11920111 |     20 |   76 |     1520 |      400 |   5776 |
+-------+----------+--------+------+----------+----------+--------+
|       | 11920222 |     50 |  100 |     5000 |     2500 |  10000 |
+-------+----------+--------+------+----------+----------+--------+
|       | 11920222 |     50 |  100 |     5000 |     2500 |  10000 |
+-------+----------+--------+------+----------+----------+--------+
|       | 11920178 |     19 |   93 |     1767 |      361 |   8649 |
+-------+----------+--------+------+----------+----------+--------+
|       | 11920111 |     20 |   76 |     1520 |      400 |   5776 |
+-------+----------+--------+------+----------+----------+--------+
|       | 11920222 |     50 |  100 |     5000 |     2500 |  10000 |
+-------+----------+--------+------+----------+----------+--------+
|       | 11920222 |     50 |  100 |     5000 |     2500 |  10000 |
+-------+----------+--------+------+----------+----------+--------+
|       | 11920178 |     19 |   93 |     1767 |      361 |   8649 |
+-------+----------+--------+------+----------+----------+--------+
|       | 11920111 |     20 |   76 |     1520 |      400 |   5776 |
+-------+----------+--------+------+----------+----------+--------+
|       | 11920222 |     50 |  100 |     5000 |     2500 |  10000 |
+-------+----------+--------+------+----------+----------+--------+
|       | 11920222 |     50 |  100 |     5000 |     2500 |  10000 |
+-------+----------+--------+------+----------+----------+--------+
|       | 11920178 |     19 |   93 |     1767 |      361 |   8649 |
+-------+----------+--------+------+----------+----------+--------+
|       | 11920111 |     20 |   76 |     1520 |      400 |   5776 |
+-------+----------+--------+------+----------+----------+--------+
|       | 11920222 |     50 |  100 |     5000 |     2500 |  10000 |
+-------+----------+--------+------+----------+----------+--------+
|       | 11920222 |     50 |  100 |     5000 |     2500 |  10000 |
+-------+----------+--------+------+----------+----------+--------+
|       | 11920178 |     19 |   93 |     1767 |      361 |   8649 |
+-------+----------+--------+------+----------+----------+--------+
|       | 11920111 |     20 |   76 |     1520 |      400 |   5776 |
+-------+----------+--------+------+----------+----------+--------+
|       | 11920222 |     50 |  100 |     5000 |     2500 |  10000 |
+-------+----------+--------+------+----------+----------+--------+
|       | 11920222 |     50 |  100 |     5000 |     2500 |  10000 |
+-------+----------+--------+------+----------+----------+--------+
|       | 11920178 |     50 |   93 |     4650 |     2500 |   8649 |
+-------+----------+--------+------+----------+----------+--------+
|       | 11920111 |     20 |   76 |     1520 |      400 |   5776 |
+-------+----------+--------+------+----------+----------+--------+
|       | 11920222 |     50 |  100 |     5000 |     2500 |  10000 |
+-------+----------+--------+------+----------+----------+--------+
|       | 11920222 |     50 |  100 |     5000 |     2500 |  10000 |
+-------+----------+--------+------+----------+----------+--------+
|       | 11920178 |     50 |   93 |     4650 |     2500 |   8649 |
+-------+----------+--------+------+----------+----------+--------+
|       | 11920111 |     50 |   76 |     3800 |     2500 |   5776 |
+-------+----------+--------+------+----------+----------+--------+
|       | 11920222 |     50 |  100 |     5000 |     2500 |  10000 |
+-------+----------+--------+------+----------+----------+--------+
|       | 11920222 |     50 |  100 |     5000 |     2500 |  10000 |
+-------+----------+--------+------+----------+----------+--------+
|       | 11920178 |     50 |   93 |     4650 |     2500 |   8649 |
+-------+----------+--------+------+----------+----------+--------+
|       | 11920111 |     50 |   76 |     3800 |     2500 |   5776 |
+-------+----------+--------+------+----------+----------+--------+
|       | 11920222 |     50 |  100 |     5000 |     2500 |  10000 |
+-------+----------+--------+------+----------+----------+--------+
| Total |          | 1304.2 | 3121 | 122810.6 | 57473.64 | 289825 |
+-------+----------+--------+------+----------+----------+--------+
1. Pearson’s Correlation

   r = (34*122811 - 3121*1304.2)/ sqrt((34*289825 - 3121*3121) * (34*57473.6 - 1304.2*1304.2))
     = 0.62

2. Linear Regression

   m = 0.62 * (10.0537/15.0213)
     = 0.42

   b = 91.7941 - (0.42*38.3588)
     = 75.86

   y = 0.42x + 75.86

